1153676
1148594
1139075
1136603
1129953
1122896
1119422
1118418
1116819
1117244
1117097
1116665
1165515
1162449
1160648
1158372
1151432
1142627
1138901
1138321
1136723
1137324
1137319
1136928
1160985
1157735
1148190
1140008
1129179
1122345
1116515
1115843
1114203
1114909
1114591
1114343
1161260
1158206
1150483
1142656
1139752
1128650
1121067
1119277
1117724
1118267
1118284
1117894
1161282
1160261
1150531
1144350
1137648
1128654
1122987
1121656
1120556
1119809
1120466
1120194
1149350
1138179
1130427
1118033
1109652
1100516
1093219
1092114
1090704
1091392
1091260
1090637
1149526
1148430
1140871
1136425
1127533
1127343
1117005
1116300
1114924
1115497
1115453
1115033
1149489
1138682
1128865
1120854
1109934
1098908
1097447
1096606
1095257
1095790
1095575
1095235
850662
859796
861337
871614
882439
885346
893043
893831
895288
894935
894787
895291
840325
849480
859412
865357
871931
878883
882651
883740
885603
884756
885397
885951
