1159609
1156577
1152850
1152019
1150412
1150940
1151313
1150596
1167261
1158468
1154443
1153874
1152414
1152971
1152639
1152477
1149599
1148708
1145038
1144277
1142812
1143500
1143174
1143038
1148384
1137257
1127451
1126766
1125412
1124793
1125124
1125290
1167431
1156224
1148445
1147692
1146111
1146733
1146423
1146096
1164499
1163536
1153780
1152758
1151377
1151889
1151602
1151889
840051
849449
851221
852259
854096
853522
853612
854194
844465
851389
861148
862365
863537
862779
863248
863396
1159257
1152340
1148576
1147506
1146619
1146900
1146891
1146501
1154744
1151918
1150019
1149365
1147960
1148537
1148340
1148087
