1167361
1166657
1165891
1165915
1165670
1165620
1165859
1165577
1178403
1177804
1177015
1177061
1176818
1176951
1177011
1177010
1164927
1164268
1163493
1163569
1163675
1163176
1163287
1163343
1177341
1176655
1175968
1176128
1175677
1175800
1175624
1175605
823052
823626
824289
824123
824260
824590
824604
825400
1173170
1172384
1171712
1171784
1171939
1171712
1171802
1171663
1177718
1177060
1176360
1176391
1176254
1176457
1176464
1176187
1180430
1179647
1179103
1179202
1179267
1179203
1178857
1178787
1140456
1139821
1139054
1138966
1138927
1138995
1138604
1138659
1177801
1177192
1176433
1176269
1176544
1176364
1176404
1176342
