1174065
1172594
1172657
1172408
1172432
1172763
1172495
1171430
1171617
1171617
1170812
1170585
821961
823295
823292
823385
823219
823299
823196
824007
823853
824069
824658
824695
1178505
1177341
1177054
1177106
1177215
1177240
1176940
1176484
1176237
1176473
1175626
1175666
1172952
1171613
1171558
1171369
1171553
1171335
1171489
1170844
1170746
1170651
1170340
1170261
1170077
1168104
1168240
1167367
1167443
1167054
1167066
1167232
1166856
1166859
1166248
1166234
1178050
1176708
1177012
1176652
1176759
1176698
1176603
1175579
1175406
1175640
1175143
1175026
1177526
1176013
1176513
1175862
1175984
1176123
1175839
1175541
1175323
1175075
1174619
1174602
1171123
1169386
1169115
1169286
1169099
1168520
1168548
1168448
1168556
1168330
1167266
1167276
826176
827115
827448
827759
827981
827806
828144
828860
828909
828819
829638
829801
1174263
1172985
1173123
1172727
1172957
1172649
1172703
1172337
1172154
1172056
1171494
1171468
