1329157
1329440
1329578
1329796
1329615
1329773
1329699
1329580
1329768
1329631
1370075
1370400
1370412
1370535
1370554
1370239
1370491
1370344
1370370
1370188
643053
642764
642643
642908
642432
642899
642716
642685
642825
642692
1349952
1350435
1350243
1350461
1350451
1350330
1350455
1350206
1350363
1350072
1378777
1379489
1379471
1379045
1379153
1379292
1379132
1379190
1379325
1378875
628881
628582
629372
629031
628837
628959
628944
628810
628842
628936
1351697
1352079
1352201
1351880
1352104
1351956
1352014
1352055
1351811
1351785
1363119
1363294
1363610
1363443
1363335
1363424
1363409
1363265
1363242
1363474
610961
610676
610644
610310
610294
610535
610608
610830
610545
610316
1416349
1416603
1416736
1416868
1416502
1416691
1416731
1416625
1416803
1416883
478217
477906
477805
477789
477722
477710
478025
477926
1545712
1546069
1546178
1546409
1546033
1545989
1546128
1545688
466920
466545
466784
466564
466600
466736
466452
466876
1535954
1536379
1536110
1536120
1536187
1536176
1536324
1536054
494980
494364
494437
494722
494561
494416
494713
494630
1508245
1508050
1508506
1508080
1508161
1508322
1508329
1507448
489403
489162
489185
489121
489217
488779
488949
488721
487665
487749
487838
488018
487651
487955
487741
488752
1523859
1524074
1524140
1524259
1524481
1524033
1524119
1524299
453544
453485
453426
453399
453331
453188
453085
453104
