1349695
1349926
1350289
1350084
1350226
1350356
1349951
1350070
1350028
1350035
1350047
1350016
638547
638137
637815
637871
637971
638266
638206
638126
638447
638337
638447
638362
1417775
1418164
1418028
1418160
1418352
1417987
1418132
1417975
1418092
1418307
1418215
1418229
581906
581593
581406
581402
581221
581229
581183
581266
581799
581847
581672
581497
1140497
1141001
1141011
1141000
1141083
1141025
1141191
1140754
1140776
1141401
1142057
1141037
1076281
1076878
1076430
1076482
1076614
1076629
1076427
1076527
1076819
1076843
1076855
1077017
1045526
1045708
1045702
1045845
1045587
1045652
1045345
1045617
1045410
1045388
1045532
1044465
1012666
1013497
1013201
1013262
1013125
1013004
1013026
1012864
1012832
1013116
1015041
1013004
1006514
1006303
1006337
1006099
1006068
1006118
1006050
1006026
1005910
1006009
1006804
1006807
1269097
1269432
1269501
1269616
1269495
1269270
1269292
1269651
1269662
1269553
1269329
1269463
