1230886
1231197
1231336
1231040
1231267
1230870
1231026
1230922
1230648
1230756
1113247
1113140
1113182
1113391
1113374
1112135
1113097
1112817
1113024
1113138
1039164
1038908
1038922
1039807
1039419
1039240
1039555
1039367
1039071
1039622
1108811
1109182
1109437
1109219
1109067
1109479
1109169
1109373
1109232
1109241
684494
684147
683999
684377
684260
684261
684173
684211
684278
684161
695551
695073
694928
695181
695086
694987
695049
694968
695006
695175
1346160
1346559
1346712
1346268
1346412
1346382
1346609
1346515
1346500
1346300
1325692
1326138
1326159
1326317
1326015
1325896
1325868
1325986
1325894
1326239
680034
679604
679493
679255
679464
679442
679582
679718
679586
679276
1350654
1351222
1350978
1350894
1350865
1351050
1350933
1351140
1350831
1350748
