41370
15966
16524
15870
16128
14694
15264
15354
16158
19128
15312
14964
14814
15894
14946
15894
18438
14802
15750
16344
15420
16632
16230
15900
16110
14010
15864
13938
15450
15624
15768
15858
15750
15858
15636
16218
14742
15582
16038
14556
15036
15372
13530
15750
15948
15534
14688
15744
15630
15990
15816
15180
16140
16116
16428
15600
16278
15978
16218
15252
16548
16662
15450
15612
15714
16068
15342
15546
15876
15186
15456
15258
15804
16158
16230
16026
16260
16896
15828
15654
15084
16050
15618
15900
15954
16014
16344
15642
15684
15318
15426
15084
16374
15900
16410
16080
16152
15984
15996
16020
15894
16464
16674
15984
14760
15546
14748
16248
16824
14766
14496
15984
15834
15804
16428
16170
15708
14916
15690
15618
16110
16170
15864
15108
15564
15882
15366
15852
16440
15924
14712
14928
15876
13854
15264
14820
16920
15366
16104
15870
16746
16344
15336
15780
14916
14994
16122
16014
15450
14604
15798
15696
16002
15870
16026
15762
15714
15876
15492
15366
15954
14682
16104
15882
15558
15270
16224
16614
15222
16302
15894
15798
15324
15708
16356
15708
15978
15798
15852
15870
15750
14688
15918
15714
16722
15240
16476
16428
15984
14772
15960
15132
16476
15690
16014
15738
15648
14616
15294
15576
16518
15492
16020
15720
16338
16518
15504
16842
15630
16152
15612
15402
15912
14244
15186
16470
15504
15648
16308
15408
18624
15720
16044
15450
14520
16152
14310
15510
15246
16104
15594
15564
15930
15744
14328
15912
14088
16128
16128
16176
14694
15738
15966
15834
15060
15942
15798
15546
15672
14982
16194
15888
15630
15564
13884
14538
15930
16434
16488
16686
15114
14820
15930
15054
16218
16218
16644
15300
14934
16098
14970
15306
16590
16308
15696
17796
15498
16356
15936
15780
15936
16320
17784
15966
14454
15576
16056
14874
15192
14940
15840
14802
15852
15570
16488
15720
15306
15660
15252
14184
15012
14208
16200
15714
15666
14430
17292
16164
16158
15960
16254
15888
15156
16014
15354
16104
14856
15666
14058
15330
15744
15174
15378
15138
15234
15906
15282
15246
16140
15276
14256
15270
16002
16284
16158
15336
15546
15492
14892
16302
15948
16434
15888
15558
15594
15996
16932
15252
16086
15258
15078
15720
15840
15438
14424
14964
16110
14232
16272
15564
15294
15696
15630
15366
15576
14166
15372
15696
16008
16260
15966
14910
16290
16020
15102
16134
15354
15450
15924
15102
16206
15840
15312
15120
15942
15546
15660
15048
16332
15462
16386
16188
15624
15768
15078
16350
16566
16278
15618
15924
15600
16218
16320
15774
15576
15612
14904
14784
15270
15078
16176
15696
16440
15834
15798
15558
14868
16224
15846
15996
14898
14496
15648
15216
15276
15288
15744
15618
15258
16572
15270
15138
14940
15216
15438
15582
15996
16284
15810
15924
16956
15222
16038
16086
15600
16008
15966
14880
15144
15492
15348
16614
16572
14352
19890
18246
15096
14184
14916
15534
16014
15276
15186
15696
14970
15510
15642
16380
16122
15510
15066
15384
15864
15516
16044
15594
15168
14934
15834
15264
14874
16080
15018
15378
15936
16068
15318
16284
15312
16356
15654
11983602
14532
15360
15534
15132
15186
15552
16434
16410
15606
16482
15618
14442
16476
15846
16116
16446
15366
15750
15930
15198
16116
16068
16104
15972
15264
15732
15642
16950
15306
15426
15288
15810
15990
16290
15978
16332
15690
16770
16272
17232
16698
15270
15858
15942
16266
14814
16182
16416
16710
15186
15402
14664
16386
15900
15930
15930
15840
15642
15948
15210
14934
16248
15594
15786
16104
16794
16764
16506
15144
16032
16734
15366
15810
15930
15618
15342
15354
15186
17550
15228
16308
16284
18348
17442
17226
18288
16938
18354
19722
19698
19458
19266
19266
18984
18780
17724
17718
16338
17892
15978
17232
16722
16464
16170
16896
17046
16884
16746
22692
17454
17820
16524
17196
16860
17544
17226
17028
16362
17406
17238
16062
15612
17208
16932
16842
17130
16194
17118
18060
17616
16188
15240
15684
16146
15342
15834
16728
15750
15828
15150
16692
16140
15912
15624
15744
16242
17268
15996
15786
15456
16668
15654
17448
18180
16650
15492
16320
16722
16002
15978
16374
16116
16782
17316
17412
17340
16224
16494
16608
15720
17958
16494
16092
17076
17586
16428
15294
16794
15582
15990
15330
17760
16122
16518
15834
15840
16410
15000
14616
16716
17958
15528
16224
14892
15438
16884
16152
16098
16254
14946
17016
15432
15648
15306
16686
16686
16860
15966
14274
15828
16428
15594
16218
16092
17022
16614
17232
16974
16380
16386
13920
14682
15192
16842
15756
15858
14958
17028
15306
15852
15786
15030
15984
16776
14394
16854
16692
16446
16914
15864
16290
16470
16578
16536
15462
19380
15660
17358
17136
16248
16470
16602
16170
15846
15810
16200
14352
16224
16014
16350
17046
15960
16554
16308
14724
16344
16452
17328
16584
16062
17394
16524
15060
15852
15078
11983398
16026
17778
15648
16572
15642
15912
15732
16806
16134
19488
16974
15888
16950
15630
16278
16902
17106
15804
16056
15384
14838
17376
15978
15636
17334
15636
16530
15144
15876
16020
16020
16674
16962
15204
16296
17148
15108
15408
16554
16452
16194
15666
16206
15582
16578
16104
16074
15036
15588
15102
16704
16812
16656
15468
16476
15276
16506
15492
16794
14910
17274
16482
17190
14610
15696
15474
15792
16344
17832
16146
15876
15624
17088
16842
17742
15654
15978
15612
15252
16254
15018
15312
16794
16380
15726
16374
15378
15732
16602
16344
15336
16386
16362
15114
15924
15972
16302
15792
16044
15822
16194
14976
15894
15132
14838
15840
16374
16860
15972
16386
14700
15510
16878
17172
17736
16272
14874
16794
16524
16620
17088
14010
16554
15480
15360
15234
16962
14466
15906
16968
16194
15540
16572
16518
17100
15888
16254
15870
15834
16998
16002
15948
15522
16350
14814
14556
15516
16356
16728
15492
16398
15972
16098
15036
16488
18438
18918
17904
18150
18354
19092
18654
20184
19224
19302
18168
18228
18870
19548
18828
19494
17658
18462
19686
19410
15888
18594
19188
18642
18786
18894
18300
18246
19014
18462
19500
18564
18636
19110
18882
18216
17838
19236
19104
18738
18936
18702
18870
18978
18528
18558
18444
18432
17526
18582
18822
18504
18762
18648
18978
18780
18774
18060
17526
18606
18156
17880
17760
18108
18402
17088
17694
19092
18474
18072
18150
18216
18522
17154
17922
17868
18864
