11424
3182
3318
3340
3348
3180
3480
3524
3054
3694
3506
3268
3422
3292
3228
3016
3108
3176
3060
3444
3314
3298
3552
3282
3690
3466
3104
3316
3618
3218
3018
3376
3358
3072
3122
3172
3186
3328
3182
3306
2830
2942
3100
2974
3134
2832
3042
3228
3236
3216
2964
3206
3116
3116
3318
3128
3224
3092
3172
3012
3124
3044
3284
3178
2950
3268
2972
3370
3122
3106
3438
2840
2980
3098
3150
3082
2916
2910
3134
2908
3048
3346
2958
3288
3518
3370
2808
3364
3098
3236
3310
3010
3182
3110
3082
3000
3292
3284
2978
3064
2944
3150
3022
3288
3466
3094
2998
2906
3096
2964
3038
3300
3156
4160
3226
3172
3194
3342
3514
2944
3296
3068
3272
3232
3210
3234
2974
3136
3444
2932
3106
3172
3252
3170
3300
3874
3162
3230
3068
3660
3454
3214
3472
3130
3004
3350
3064
3204
3394
3356
3212
3212
3230
3374
3150
3094
3148
2936
3150
3490
3074
3208
3328
2768
2898
3196
3284
3208
3392
3166
3282
3436
3330
3426
3222
3124
3610
3402
3570
3344
3138
3346
3784
3360
3104
3404
3524
3150
3318
3074
3566
3288
3304
3226
2952
3320
3192
3430
3770
2932
3280
3086
3370
3132
3050
3798
3068
3078
3210
3344
3270
2942
3254
3078
3242
3182
3362
3200
2948
3192
3198
3212
3162
3158
3532
3206
3602
3508
3088
3178
3210
3402
2942
2940
3248
3194
3898
3310
3184
2936
3110
3360
3580
3000
3536
3126
3340
3224
3274
3264
3160
3288
3204
3270
2986
3020
3310
3040
3336
3080
3352
2958
3164
3330
3386
3300
3076
3506
3210
3080
3146
3160
3340
3080
3058
3210
3720
3330
3086
3328
3160
3006
3528
2998
3318
3426
3270
3162
3222
3080
3208
3460
3228
3364
3264
3234
3092
3148
3188
2994
3088
3100
3274
3094
3154
3222
3840
2870
3278
3098
3138
3118
2916
3004
3104
3198
3210
3310
2970
2960
3134
3016
3214
3214
3266
2948
3156
3196
2956
3246
2928
3298
3112
3196
3218
3034
3190
2842
3344
3106
3074
3004
3314
3000
3148
3124
3038
3332
3178
3180
3212
3044
3280
3154
3118
3088
3278
3080
3078
3122
3114
3346
3078
3168
3214
3016
3292
2962
3354
3012
3210
3274
3076
3000
3200
3270
3212
3698
3122
3124
3344
3042
3516
3376
3806
3338
2990
3044
3224
3208
2946
3148
3348
3218
3360
3330
3096
3248
2972
3574
3354
4178
3376
2944
3310
2998
3152
3440
3738
3242
3208
3242
3184
4100
3526
4196
3412
3418
3460
3320
3222
3072
3298
3260
3146
3638
3264
3340
3216
3368
3582
3558
3154
3234
3480
3388
3374
3914
3356
3338
3794
3196
3204
3792
3376
3232
3126
3448
3224
3354
3374
3376
3518
3606
3202
3288
3346
3544
3732
4342
3582
3844
3230
3444
3324
3224
3458
4172
3546
3306
3468
3304
3656
3356
3370
3312
3468
3148
3274
3324
3330
3434
3214
3158
3224
3220
3556
3182
3334
3152
3176
3438
3260
3288
3254
3302
3332
3430
3538
3508
3608
3342
3080
3340
3504
3406
3302
3492
3576
3480
3272
3338
3112
4676
3318
3212
3130
3300
3344
3518
3178
3454
3362
3232
3386
3338
3340
3198
3214
3488
3218
3340
3374
3108
3180
3254
3348
3382
3332
3274
3148
3564
3324
3392
3096
3208
3342
3084
3438
3168
3208
3500
3208
3322
3282
3224
3450
3212
3358
3166
3326
3218
3362
3468
3178
3498
3330
3548
3310
3118
3490
3748
3162
3628
3438
3164
3258
3290
3394
3238
3508
3624
2994
3304
3452
3380
3748
3770
3454
3064
3214
3428
3900
3428
3246
3226
3338
3174
3212
3474
3506
3394
3288
3356
3214
3650
3406
3190
3376
3348
3122
3198
3150
3410
3136
3420
2996
3276
3218
3158
3506
3666
3252
3308
3076
3494
3358
3182
3334
3254
3406
3092
3114
3634
3104
3330
3214
3270
3348
3472
3250
3290
3376
3130
3124
3418
3210
3460
3146
3122
3474
3512
3302
3210
3068
3152
3298
3436
3200
3232
3732
3120
3540
3448
3388
3546
3034
3558
3904
3840
3598
3330
3294
3486
3142
3484
3376
3162
3412
3256
3258
3274
3396
3464
3342
3392
3246
3688
3194
3274
3508
4242
3828
3468
3298
3374
3238
3322
3558
3402
3270
3672
3260
3400
3218
3106
3600
3306
3566
3454
3252
3816
3468
4530
3728
3330
3362
3626
3828
3266
3352
3212
3322
3310
3490
3542
3196
3838
3308
3486
3182
3076
3482
3786
3080
3080
3128
3282
3550
3424
3266
3356
3238
3034
3682
3104
3312
3392
3322
3532
3446
3340
3290
3398
3638
3460
3358
3762
3092
3566
3470
3400
3854
3442
3160
3346
3342
3244
3236
3320
3214
3436
3320
3464
3244
3642
3388
3350
3570
3124
3742
3418
3442
3816
3428
3578
3498
3338
3312
3364
3400
3402
3248
3450
3336
3206
3534
3184
3378
3302
3390
3460
3278
3526
3258
3360
3384
3206
3428
3374
3128
3618
3522
3298
3380
3786
3350
3298
3442
3432
3342
3016
3190
3102
3628
3426
4084
3632
3376
3306
3562
3564
3440
3356
3394
3336
3364
3308
3362
3270
3140
3464
3228
3376
3786
3434
3364
3266
3472
3306
3468
3656
3258
3322
3860
3396
3508
3318
3344
3396
3496
3774
3530
3472
3720
3484
3610
3674
3852
3334
3248
4384
4276
3280
3364
3536
3522
3470
3460
3274
3354
3236
3132
3344
3388
3332
3208
3428
3576
3492
3204
3182
3216
4062
3378
3112
3804
3292
3472
3392
3224
3764
3210
3312
3172
3282
3490
3242
3360
3354
3354
3526
3088
3698
3266
3430
3682
3272
3412
3464
3140
3336
3168
3100
3356
3150
3582
3340
3108
3356
3212
3568
3818
3320
4452
3496
3604
3300
3460
3294
3676
3134
3194
3126
3332
3266
3368
3328
3136
3450
3284
3548
3884
3602
3644
3206
3222
3498
3336
3112
3430
3870
3676
3412
3262
3352
3198
3402
3248
3548
3132
3284
3930
3814
3328
3924
3320
3264
3416
3638
3312
3258
3434
3534
3416
3400
3372
3534
3364
3448
3394
3402
3324
3438
3366
3530
3350
3474
3430
3484
