105276
68994
42816
34656
28122
29604
31428
27564
29946
30120
28200
28734
29862
11971386
34890
29268
29346
29742
29442
31248
27594
28158
29940
27342
27762
31650
28272
30834
27612
27984
29670
27480
29868
31434
27012
29586
26856
26556
31086
29730
27900
27840
26586
29022
29304
30330
26976
26682
27828
28152
26172
26652
29448
29994
26520
28374
27000
29196
25764
28464
26460
25434
26526
27564
28368
26490
26088
26316
28296
25944
25608
26442
26604
26694
25818
26568
26004
27432
25344
25716
25638
25614
27000
26244
27186
27060
25386
30810
28764
25800
27576
25668
25824
26712
27330
28926
29100
27648
25446
26886
25290
25794
25914
26202
27996
25704
27450
26232
26670
27534
30666
26136
25938
29400
26388
29046
25722
25872
25800
25560
25800
25464
26208
25326
25338
25176
28884
25974
25656
25764
25812
26664
25782
28014
25164
27456
26112
26364
25350
25554
28644
26514
25944
27312
26634
29136
26334
25542
25632
27618
25866
30246
27234
28944
25488
29094
26304
29106
25740
26016
26154
25464
26004
26922
29556
25614
29214
25506
29280
25896
29352
25122
27090
30222
30414
26088
27036
28152
25578
29178
26040
25302
27306
28146
25482
28908
26496
25506
29454
29376
29850
28944
29286
28500
29040
30114
27624
30900
11971404
28332
25608
27996
25722
26970
25464
28566
25122
29454
25980
27216
25596
29832
27798
25674
28356
28728
25626
28098
30366
29154
29226
25518
28326
25806
29724
25338
30714
25512
29652
28554
27504
29484
25158
28380
26496
26220
25716
25056
26328
25410
26574
26802
25794
26118
26388
27612
25542
25932
26406
29250
27534
25578
26226
27978
26388
28122
26832
25512
30696
25824
27852
28914
30792
29502
29850
28512
29976
25272
25470
28842
25350
28434
29448
26088
29112
25740
25644
28206
26220
25434
30522
26640
26322
26280
27102
28620
27090
26478
25902
25566
25224
28698
27198
27030
26928
25764
27948
26364
25524
25530
28212
26616
25854
28134
26220
25716
27348
28536
26034
28026
27672
27810
28998
25974
26436
27096
26376
26010
25434
28308
29028
25854
25950
25830
25968
27192
26700
29076
27366
28146
25524
26580
25854
27144
26382
28776
28470
25500
28890
25650
28950
26622
27300
25800
25968
26976
25158
26106
28398
25926
26100
26244
25188
25716
25632
25962
25884
25536
27288
25602
26340
26286
27678
26970
25404
30894
26124
25524
30456
27042
25710
27132
26514
28092
27738
28386
28584
26808
29418
26982
26514
26100
26922
26694
25884
26670
11973696
25518
25974
25944
28080
28272
26004
29172
30024
30012
25950
28986
25074
28920
25776
30966
24942
28506
27186
28854
26718
26520
26148
26598
28332
26238
29532
28044
29604
25410
28596
25122
28662
27000
28566
26250
28494
28074
30360
26946
26340
28320
27636
26172
29982
27390
28662
28692
30396
27726
29298
28830
28476
28680
29454
29718
27330
28650
27444
26538
26460
28224
29022
25824
28050
25824
26088
27552
25656
29202
26382
26856
28464
26616
30342
27606
26298
29268
28128
29736
28860
29406
29346
28836
26436
27270
28692
27150
28542
27654
28818
26502
29742
26052
29922
26610
29346
27624
26466
26592
28548
26214
26052
25740
25860
25548
25200
25608
26364
25368
28608
26208
25446
26970
26532
25950
27942
26028
28794
27972
28134
29514
25572
28014
25494
27552
29820
29238
28710
28866
28578
27768
26508
29496
25998
25524
27762
28404
25560
29040
28938
28812
27804
27000
28686
27180
29340
29220
26148
26388
26214
27246
29496
28530
26214
25344
28938
26340
29466
25350
26046
29436
28998
30306
30198
28050
29178
26454
29712
28494
26100
28398
29862
27246
28824
31188
30000
27000
28698
29658
26088
29478
27510
25686
11973480
26550
30360
29742
26352
29418
29838
28032
30042
30276
27522
29676
29382
29034
29898
29580
28902
29274
29634
30024
30528
27708
30486
27936
27138
27144
26292
29214
25788
29160
27894
29292
26442
29148
28404
26448
25416
29430
25602
28050
28044
25590
25740
25368
27978
29508
25656
25110
28230
28404
28548
26646
29616
28860
27810
29838
28512
30912
30516
30558
26856
27852
28014
29370
28230
26742
27426
27366
25800
26358
27108
27300
25854
27936
27396
25578
27774
26238
27000
29022
26166
31494
29328
26262
25560
28038
25974
29904
29148
30342
28644
30642
29328
27936
29406
26772
28902
26862
27090
29418
27150
28692
28140
26472
26046
27990
28398
27366
30690
27144
30054
28980
30000
28452
27582
27558
30672
28254
28554
27426
31446
28800
28098
29052
26616
27144
28044
28452
26868
28230
26670
27942
29244
30396
27492
30060
29772
27588
27762
28176
28776
29574
28314
28890
27942
29748
27990
29064
27270
26910
28122
30018
29016
28476
27006
27690
28962
30120
27864
29808
29838
27912
28116
28308
30180
30426
27576
26742
29262
29874
26976
28842
30120
28374
27198
29142
27336
28638
11971224
26988
30852
26142
27558
28812
29358
29226
27300
29796
29748
28578
27072
29088
30588
33666
32886
29934
32118
32184
32010
34212
30150
34116
30708
30282
32784
31146
33660
32838
34554
34800
33528
30840
28668
29394
27948
29172
28512
30330
26502
30048
31074
29178
29124
31068
27336
29334
26808
27090
29820
28410
28734
26628
26340
28698
29676
28446
29436
29148
29214
27354
27456
27966
29250
28458
28308
26526
28956
28842
27552
27984
27576
29814
26418
25962
29178
29226
29430
35598
29010
30270
27486
28230
26700
31452
30774
31536
31218
33414
32130
30426
29322
28920
28338
27018
29220
29052
29412
27888
25536
28554
29778
25794
26526
25638
29388
25986
27474
26070
26556
26790
25500
25764
27216
25824
28164
26406
26688
27294
27624
26496
26982
26244
25506
26646
25260
27402
26070
26334
25464
30036
25494
25728
26748
26034
26532
29628
25512
32904
25806
29946
25794
25926
25314
29010
28404
26094
25794
26178
25416
26562
25602
27330
27798
28074
26544
25968
25662
26904
25752
25518
25722
25842
28254
25794
25704
26070
25944
25566
28980
26664
32544
25776
28806
28056
28494
25848
11970120
29352
29466
28734
25692
28488
28290
26232
27906
28356
25800
26742
26262
25530
25398
30030
25686
26418
25638
26076
26250
25740
25992
25914
29160
25332
26238
26232
27228
26112
25482
29154
25590
25716
27138
27924
27468
26388
26358
26208
25728
29292
25908
25752
25848
25572
28404
27270
28884
26328
28494
26256
29610
26826
30672
26400
29262
29736
31878
28164
26652
25908
26094
28680
27576
25992
29700
28404
25776
28698
29094
28842
28962
29370
