53112
28788
27522
32064
27726
26712
26238
26178
24462
26244
25932
26928
27066
26964
26388
25764
27036
23742
23640
24702
26292
26328
25314
25218
24636
26670
24204
26250
27642
23250
26172
25476
27714
23286
25704
25332
26160
25224
26214
26868
24300
26514
25710
27228
23640
24300
23898
26694
23838
25860
25674
26532
23328
25986
26010
24114
25680
24810
25920
26394
24354
25158
24930
24912
23232
25806
25422
27594
23400
24930
27426
22800
27372
24072
23772
24972
27234
26454
26748
26748
23748
24930
24882
25404
25182
26526
24318
25272
25284
26076
26196
23166
25800
23190
25866
24918
25458
23370
26628
23676
27036
27576
25272
23676
28308
29550
26364
26994
24936
25998
25566
26142
26328
11974116
26100
26334
24780
24078
26508
25638
24210
25062
26682
25272
25494
24132
26646
22620
23580
23472
23700
27150
24294
25530
24126
26334
22740
25938
25650
25440
24336
25164
26466
24384
25608
23868
24138
26610
25914
26712
26430
22800
25908
26928
28788
28140
28518
29568
29574
28758
29874
28536
28194
28314
27744
30294
28458
31044
25458
26682
26226
27882
27786
27498
30366
26682
28722
27660
27978
27558
29394
27306
28122
29004
29178
28824
28134
28950
30012
28062
29094
27444
27450
29814
28188
28686
28950
26448
31446
29100
29070
27816
28512
29682
28116
29052
28506
27702
26988
27018
28818
27324
28704
26346
27792
26580
28764
27840
26778
27948
27546
27846
28554
27456
28002
28920
28608
26700
27696
28056
27576
26748
29268
27492
27912
29088
27528
26946
29190
27552
28728
26772
27012
25848
27060
29820
27576
28260
26388
25794
28722
30216
27552
28878
27252
28518
27690
27786
27858
26772
33306
30210
28422
29232
29712
28272
29034
27672
28158
27978
25356
28680
28308
26790
29124
26088
27228
26070
26928
27774
28470
27360
29478
29310
28434
26994
29844
27876
26820
28038
25692
26958
28266
27888
11971362
27660
27780
27990
29088
29802
28470
29646
28488
28962
29076
30204
26946
29244
27888
27846
27336
26616
29040
28188
26706
27408
28662
28722
26724
26880
28344
26088
26754
28068
29850
27780
29592
30318
27606
26418
27024
28212
29916
32046
30582
29868
30060
30306
28674
28152
27720
26850
23628
26382
29010
27774
25968
28800
28020
26580
25566
25344
27408
26766
24000
26130
24810
26550
25812
25632
25386
25416
26406
26262
28074
29550
27552
26700
29568
29724
29670
31950
31596
29394
30282
32064
29040
28680
28194
26418
27132
28374
28272
29268
28224
27114
27174
26784
27840
27246
26238
27066
26652
26262
25326
27180
27060
28896
25884
26478
26754
27018
25980
24180
25752
27546
26838
26940
25728
25470
24078
29910
24720
29184
28128
25812
29262
28380
29766
29418
31056
29724
30054
28470
31038
30270
31026
29604
28926
27744
28746
26958
28104
27600
27438
27150
27852
28224
26280
29244
29052
26802
29820
31260
29760
29400
28050
29004
28230
26868
25218
25734
27618
26346
27864
28740
29364
28896
30342
34446
28458
32040
30834
27246
30846
35574
29232
29952
30636
11970738
28248
27696
26646
23274
25788
27858
29916
28572
29160
28674
31560
28008
30552
28266
29172
30186
26136
25062
28830
28362
29088
28650
28392
29310
24870
28122
28074
30936
31728
29622
30378
31140
25998
26136
26532
29184
27126
29250
32184
31404
28986
31320
28632
28122
25902
27552
27348
26082
32538
27960
27732
29940
27540
28302
26856
28524
28098
31596
29484
28308
31746
28830
29484
28032
26520
29112
29508
26874
31176
26352
25560
26652
27966
29286
27474
26568
30186
30510
29280
29604
29142
29298
26832
30720
29364
26844
27606
27816
31236
30468
29208
28164
29964
30354
30414
30234
28602
28788
26430
29610
31176
28602
29358
28386
31530
30498
32190
31068
30972
27834
27684
29850
31524
31278
30384
27288
26256
28806
26760
27234
29418
26352
24336
26448
23820
24726
23898
27000
25146
25392
26670
24186
26496
25578
26478
24570
26886
26580
26166
26202
26874
26982
24552
27678
26832
25938
26916
27462
25938
28110
26508
24684
25380
24372
27972
27018
25614
25728
26154
26832
25428
27348
26076
25542
27012
26250
24318
27852
25938
23352
27156
26610
26622
27798
26520
24270
26100
24150
11974950
24966
26190
25392
25632
25920
26154
25842
25458
26004
26040
25542
25668
25488
24228
26442
24906
26748
26646
23838
27414
25326
26526
27432
23724
26214
25488
26196
24720
25728
25224
24528
26370
24660
26754
25422
28626
26538
27942
26772
28236
29742
27192
25302
24840
27564
28776
26994
27696
26718
27462
26178
27810
27246
28884
26412
27930
28326
25584
27078
29832
27534
27624
24912
27480
24834
27342
24732
26124
25242
25314
25674
26358
27558
24912
27882
27426
27018
26808
27972
27276
28200
24858
24906
26736
29412
28620
26586
24822
25062
26004
26700
23922
25848
26376
26712
24204
28362
26556
28920
30456
26862
28890
24822
28122
28398
29550
28356
27354
26076
27954
27396
27780
28494
28170
25506
26928
23406
23778
23700
26112
26196
25476
25230
26952
22698
25410
25470
27732
23844
25806
24942
28500
26268
26400
28128
25974
24864
28800
25782
26580
27834
23622
25236
25962
25500
25068
25830
27864
22998
26796
24108
28032
24336
25380
24756
27828
24402
28092
26178
26292
25884
28302
27102
27834
25686
25878
24336
27282
26220
25218
28188
26082
25386
25512
28020
27264
24930
28098
26220
28152
26922
25092
28578
25458
25122
26334
25284
24732
27162
11972544
26430
25074
27786
26790
26052
27048
24978
26430
26136
26370
24582
26364
28176
23676
26958
27090
24792
26694
23484
26754
23868
24042
26952
26934
24612
27024
27600
24378
26004
24924
25020
26616
24804
27870
23850
25380
26790
26304
23406
27006
27186
26280
25986
27240
26676
25062
26490
24804
25482
25302
29460
25470
25572
27840
24288
25368
27012
27360
25956
24786
27162
27552
26994
25884
26628
27642
28374
25020
28824
27990
27336
27204
27858
24858
27762
25896
25020
26754
28176
27966
27516
24294
24378
26052
27894
29808
28860
28476
28686
26502
28824
25470
27840
27966
29586
26682
26826
27336
24192
28410
27354
23634
25146
26244
25554
26562
24702
26544
24132
25734
26598
26466
24630
25638
26286
26052
25758
26484
27720
24042
26238
27534
26754
25974
28092
23874
27774
24264
25986
27420
25626
26598
24456
26304
25908
27492
28056
26238
24072
25326
27270
27798
26388
26388
27282
23958
25956
27480
24660
24258
27906
26694
25620
26424
27078
25788
27204
28152
26154
26568
26436
