17304
17008
16592
16880
18200
16996
18448
17520
17596
17056
18192
19500
17280
17296
18084
17056
16780
16912
16908
16896
17300
16816
17220
16908
16700
16632
16844
16828
16780
17604
17024
16812
17692
16848
16872
17332
17368
16640
17168
17076
17180
16668
18476
17424
16860
16704
16876
17732
16632
19036
16972
17560
16736
16804
16708
16972
16792
16760
17140
17048
16788
16852
17448
18792
16760
16920
18772
16816
16936
17604
16804
18012
18772
16712
17720
17712
17424
16948
17568
16776
18464
16860
16664
16728
17888
17084
16796
16932
17824
16812
17044
18436
16668
16872
16796
16732
18816
17008
17396
17580
17436
17004
17868
16656
17716
18344
18572
18504
17264
16844
16896
17004
17072
16612
17204
17044
17628
16956
17004
17108
16928
17248
16764
16724
17492
17560
16588
17076
16972
17252
17028
16612
16752
16708
17076
18364
17008
19084
17776
16992
17120
18940
17324
16816
16532
17460
18160
17044
17044
18920
17224
16748
18628
18856
18480
16684
16804
17416
16784
17168
16768
16944
18128
16584
19224
17260
16980
17032
16768
16892
17356
17344
17184
17136
17512
16852
16704
17132
16816
19220
16600
17580
17132
17152
18624
18612
16564
16764
16652
18052
16668
16832
16800
16872
18196
18764
18360
18596
18616
18492
17364
19024
20248
18100
17264
19164
18628
17348
17252
17220
17800
19636
17560
17932
19784
18528
17576
19068
17916
18412
18000
17504
18376
17912
17268
17984
18656
18132
17864
19312
17696
18208
20652
19644
17840
17976
18216
17404
18252
18044
17204
17712
17056
19500
18864
17112
18352
18456
18404
18208
19896
17840
16988
17640
18096
18644
17916
19012
17804
18716
18064
17316
17584
19460
17964
18064
17632
17024
18052
17272
18320
17756
17856
18512
17400
17500
17964
17840
18312
19020
18204
17220
17436
18388
18816
18148
30056
21512
7977016
22332
20528
21248
21692
20596
20952
21100
19900
18276
18944
19716
18104
18264
18076
18892
19772
18176
18384
19484
19612
18320
18132
18796
19028
18044
17920
18000
18136
17956
18104
20828
19652
19316
18612
20036
20480
18424
18924
18404
18052
19344
18728
18880
19288
18680
19092
19720
18636
17928
18168
18688
18000
19068
17920
19468
17948
19056
18892
18716
20000
19724
18788
18604
18688
18656
18448
18236
18124
19004
18372
20632
18708
18052
18660
18216
18724
18840
19212
19128
19328
18096
17836
17976
18760
18920
20372
21348
18496
20604
20668
19384
20540
19212
19164
20204
19500
19504
19760
20024
20640
19372
18824
19816
19132
19192
18900
19520
19432
19992
19464
19936
18632
19640
19260
19596
20448
19968
19944
20184
19232
20820
19424
20244
18564
21460
19536
21628
19348
19264
19624
20104
18964
20500
18476
18868
19068
19564
19384
19184
19172
19844
19608
19488
18784
18632
18960
21132
21448
18376
19560
19656
20648
20256
21272
17348
17772
18776
19756
17140
17784
18840
19092
19972
18356
18860
18864
23124
18780
19052
19580
20064
20012
22920
7980116
18468
17756
19152
19852
20996
16972
19020
17092
18164
17384
17168
17676
17376
17096
16992
17228
16952
18460
17360
17864
17060
18928
17312
17032
17008
17052
17124
18112
17080
17092
17064
17004
16988
16996
17656
17696
17824
19556
17208
19900
16992
19112
18656
17640
17208
17200
18288
18668
17104
17220
20300
17144
17512
18060
17344
17260
17348
17616
18592
18960
17344
16900
17032
16996
17076
16968
16800
16956
17052
17008
17572
16904
16976
17180
16972
17056
17180
17120
17200
16992
17080
17644
17084
17228
17132
16872
17008
16840
17308
17236
16968
17516
16712
17272
16584
16724
16768
19648
18384
17528
17092
17324
19324
17016
16840
16952
19300
16932
16652
18624
16984
16788
16644
16956
16740
16836
16872
18912
16724
16960
17168
17808
16640
16888
16848
16588
16664
17172
16604
16652
16544
16640
17104
16812
16980
16552
16892
16572
16500
17856
17388
16820
18996
17048
16856
16856
17232
17136
16940
16948
16964
17024
16716
16876
16720
16740
17384
16868
16748
17596
16908
16572
17068
17152
17336
16872
16732
17052
16664
17364
16984
16888
16808
16984
16592
16888
16952
16872
19276
17088
16784
16968
16720
16924
16724
16704
16816
17000
16536
16892
16948
16712
16732
16740
16632
7983128
16728
17160
17264
21528
17644
16840
17184
16696
16652
16616
17732
16692
17180
18020
17432
17004
16560
16636
16588
16800
16848
16660
16864
16632
16816
16804
16960
16636
16936
16716
16856
16968
16724
16724
16884
18680
17424
16612
17188
16924
16828
16716
16684
16852
16648
16764
16520
16912
17720
16812
16716
17204
19644
20812
17192
16936
17032
16888
16904
17144
16848
17616
16896
16876
16940
16868
16812
17132
17288
16936
17036
17008
16964
17096
17412
16880
16972
16972
17860
16832
17200
16984
19088
16660
16636
16640
17236
16776
16696
16556
16628
17028
16708
17776
17128
16764
17036
16728
16856
16620
16712
16764
16692
16744
18332
16916
18536
16768
16632
17092
17284
16788
16516
16948
16692
16852
16540
17224
16572
16668
17736
16544
16788
16676
16712
16992
16736
16664
16756
16588
16640
16700
16640
17100
16660
16744
17096
16832
16856
16624
16752
16604
17252
16676
16660
16996
16800
16712
16684
16664
16792
16800
16596
16828
17016
16704
16736
16676
16920
16684
17044
16808
16588
17256
16956
16680
17824
16888
17652
18776
17084
16796
16680
16760
17124
16800
16644
16716
16584
16784
16572
16980
16864
16964
16932
17280
16884
16616
17004
16636
16792
16568
16580
16580
16896
16672
17072
16592
16764
7983300
16832
16832
16680
16940
18212
18664
17612
17648
16920
16652
17260
16628
16672
16764
17228
16736
16588
16696
16812
16920
17768
17208
16756
17216
16772
17080
16928
16652
17260
16780
16848
16744
16748
16728
16788
17136
19176
17088
17224
17728
17268
19168
17368
17180
20088
20152
18328
19596
19096
20708
19712
20060
21004
19268
18952
20236
18356
18848
19864
19364
18964
19888
19212
19220
19964
19452
19112
19376
18932
19508
19404
19096
20240
19188
18932
18716
19584
18520
18560
21456
19388
19264
19216
20552
18848
18636
18972
19272
19272
19880
18500
18432
20680
18948
19308
20016
18620
18824
21964
18740
18096
20704
18256
18608
18396
20308
18716
20860
18664
18296
20440
18640
18676
18624
18604
18584
18904
18560
18536
18864
18376
18676
18340
20168
18552
18636
18296
18388
20484
18028
18384
18788
19292
18624
18496
18800
20516
18408
19164
18292
19144
