40088
37696
40944
42664
41400
38344
46944
38872
41776
43360
42264
41760
43272
42808
42096
45728
43608
43904
43424
43816
46112
43056
45696
44824
44880
44928
15955240
46288
44888
42488
41520
38840
44552
43952
40448
40072
45152
40424
40088
44176
40280
44432
44864
40760
45272
45728
45912
46432
47680
45760
45848
45136
44640
40424
38600
39256
43584
45224
45096
45168
39120
38784
41432
39768
46024
40720
39216
35880
40400
35432
35888
37952
37920
39928
43824
43760
45456
46384
49072
49480
53800
48184
49168
44088
43840
44448
45712
44064
44400
44096
43904
44648
44984
44736
45016
43320
44856
42760
41760
42464
43736
44304
46224
43400
40776
38560
41272
38640
43712
38600
38736
40256
38856
41712
38880
40072
39176
40240
46560
36912
38768
34872
41128
39176
36400
42296
40016
40232
40296
39960
41832
38424
42128
37784
37856
40432
38976
37488
39232
40504
39888
39768
40296
37016
39816
41744
42552
39648
41560
40936
41312
41384
38632
38992
40400
49352
41384
43272
42120
43064
47536
40024
37680
42200
39752
38040
39016
42696
39720
45120
39504
39368
40216
37224
38408
37632
40248
40824
42680
42696
41040
40296
39728
37032
41688
43168
42248
39928
45152
42408
41816
41032
45408
38584
38224
41536
39280
38848
41112
39896
40744
40560
39312
42592
42344
39488
39448
38200
41736
39040
39248
39968
42632
37480
40992
39248
39592
41040
44856
36528
43024
42496
41264
41600
43392
43440
42312
41280
39704
39864
43448
42344
37936
39016
42104
40752
40048
41784
38320
39752
40080
40472
41560
38152
40272
40440
45024
41832
41592
36816
37112
40752
43528
42216
38144
43984
41080
40536
40424
37936
38152
39008
40048
38392
39992
38512
36872
35384
39368
38896
38384
35104
36304
36496
39656
36384
35088
34784
35576
37984
34288
36920
35184
35856
39944
35208
34864
35400
36592
39912
35128
36592
35344
37496
37512
37352
34168
38968
38424
39320
36032
39792
36344
38280
36904
39456
36744
39152
35000
37752
34528
37168
37888
36424
43200
40544
38936
37240
42664
42392
43328
43176
42992
40064
40000
36952
37704
38136
42104
43880
41080
46184
45888
41624
41912
15960024
41328
40608
39944
36352
37712
38648
37848
37296
35104
37512
40864
40224
36536
39744
34944
39144
36072
34328
36000
36304
36696
34952
34304
34968
34752
35304
36048
34208
37240
38120
34752
39632
34720
35520
35896
35744
35632
38024
35464
38312
40720
37056
38392
38528
37176
40656
36328
38624
40728
39000
35768
40096
37568
38064
39256
37480
40168
37296
36312
40688
36000
40080
38904
39768
49848
40416
36560
38424
35328
39024
39416
39640
39688
39856
39480
39312
40048
37792
37968
34696
40152
40872
38400
40416
40736
36400
38496
39560
38376
39464
35680
37400
40104
39616
38800
34224
34552
37856
38312
36648
40096
35256
34000
35760
35168
42008
40320
39632
35776
38512
41704
40752
43088
43464
42584
42240
45528
44272
42512
44672
39120
45928
42336
41256
38280
40360
45528
44952
41984
44520
45168
45624
44992
44224
44128
43232
35904
36368
36304
39688
39784
39776
41272
39096
42488
53456
41672
45040
42144
44824
40480
43456
42664
42472
43272
42112
42944
40912
40016
41888
40752
39848
15960288
39544
42216
40568
39392
36144
39960
37944
35376
36072
34792
40344
36056
37304
39360
39456
35448
34856
40088
36392
36496
38216
35040
40768
34656
40896
40440
34384
34320
36232
35472
36576
39576
36136
40640
40472
38936
38336
39776
39176
39272
39576
40536
35264
35424
34168
39320
35480
38848
38776
34136
37056
38312
40072
39208
38872
39984
39152
35256
34936
39608
37024
40120
37040
35216
36488
39632
36040
40360
39360
39856
39952
38664
40296
37296
41424
39976
40056
39504
39152
40000
37152
39776
39856
39176
39328
39192
34656
37256
39912
37320
40256
40560
35672
34456
39192
36024
35144
34888
35528
36248
35408
35576
35504
39952
33904
35392
40048
38568
36704
39848
37968
38840
39816
40896
40768
40048
35824
38144
39720
34856
36096
39768
34736
37464
35232
39664
35112
35880
40824
34328
35232
41560
35712
41096
36136
39432
38144
39680
35448
37232
40568
36408
36040
39648
35800
39224
35816
40416
35880
35616
36520
41648
36000
39496
39392
41432
37168
42144
40824
40520
36856
36320
40152
34800
38120
39240
38400
15964848
35648
37736
40376
38816
34800
39272
37408
38600
36456
35528
35792
38288
36896
36136
38208
41064
39520
36408
39264
38208
38120
38856
38280
38632
41264
39360
40040
38976
39672
38960
41584
40824
38512
40568
41480
40088
40792
42456
43912
44616
48848
50040
43200
47144
48248
40584
45976
44864
49848
46680
47736
43176
45816
45128
47776
41856
43992
47880
47424
46544
41296
46528
46664
42464
42904
43784
39504
41144
45656
41752
46328
43096
44944
42936
46984
41464
46200
44304
45848
45320
45048
42592
44408
46000
45464
46240
44264
41112
43680
42648
40352
45456
40128
40192
44608
42936
41112
45648
42576
43904
45232
44104
42504
43792
41056
45976
45080
42864
41064
45680
39120
44040
46016
39616
44800
45264
44584
42888
44664
46808
42728
41000
43824
46168
41176
44688
40368
40552
44288
44968
40776
45960
39584
44368
43920
46760
43496
49264
42832
44488
41864
45856
46488
41968
44744
43904
44136
45136
45560
46160
46136
15953848
45352
45416
43448
46208
45312
41088
44568
45408
46344
43792
44936
44656
41392
46032
46720
43488
45192
44456
41552
42368
47096
43672
44008
45320
44888
44528
43768
44096
40296
46208
44896
45456
40904
42960
41512
39808
43016
44752
45312
49208
47576
49264
45792
47016
44920
39368
37240
44496
43528
41176
43040
47360
44616
36640
40544
42984
38968
39112
40128
46880
38408
40360
39720
35568
38592
41264
41072
39096
45800
43112
46320
47152
44304
47528
44232
39000
44824
40520
44768
45344
44736
43664
38440
45928
43376
43080
42656
39352
41560
43064
44840
39872
41424
44696
41856
40960
42040
43400
40488
40200
41504
38712
38224
40608
40688
39440
40224
41672
35688
39616
37112
36536
40032
39984
41784
40784
40768
40216
39712
38096
40624
44808
39088
38312
42160
41832
41296
40704
38088
38624
41400
43152
40176
50952
36480
38768
44904
41736
40968
44400
40568
44176
43552
43664
41008
42672
39744
15957456
43552
39152
35928
42072
36936
41312
41928
42808
41176
42216
39328
39208
39424
41520
39656
38520
40264
38040
39728
45120
41424
39128
39480
37384
37976
40784
37872
37920
42432
37440
40464
39752
36832
