8294
9090
8432
8200
8670
8392
8628
8498
8742
9206
8572
9330
8680
9800
9034
10074
8946
8860
10242
8600
8444
8470
8486
9098
8838
9202
9104
8710
8464
8634
8388
9460
8450
8490
8930
8468
8884
8436
8382
8478
9244
8424
8414
8388
8594
8474
8550
8710
9316
8438
8386
8564
8454
8684
8448
8442
8430
8450
8434
8430
8814
8508
8456
8850
8442
8640
8444
8482
8416
8888
8922
8700
8554
8596
8380
8474
8948
8464
8892
8356
8424
8424
8446
8574
8546
8860
8516
8418
8376
8446
8400
8426
8930
8552
8618
8616
8368
8374
8496
8682
8336
8514
8466
8308
8450
8346
8614
8552
8386
8362
8622
8368
8606
8508
8494
8422
8386
8506
8486
8602
3991422
8544
8470
8590
8586
8464
8562
8698
8404
8302
8956
8486
8324
8544
8452
8368
8508
8870
8702
8540
8642
8362
8760
8464
8440
8372
8802
8472
8620
8460
8716
8604
9040
8338
8334
8598
8514
8604
8464
8372
8332
8716
8600
8490
8402
8772
8538
9664
8416
8546
8930
8382
8926
8792
8522
8302
8504
8392
8554
8540
8670
8374
8596
8586
8652
8440
8518
8502
8436
8494
8468
8594
8488
8470
8394
8328
8362
8138
8316
8506
8192
8306
8090
8424
8450
8428
8340
8378
8274
8364
8488
8228
8420
8258
9082
8270
8278
8478
9028
8292
8232
8162
8324
8288
8336
8216
8308
8240
8190
8286
8188
8284
8228
8424
8180
8296
8182
8286
8202
8266
8372
8248
8234
8314
8138
8190
8168
8252
8234
8306
8094
8412
8252
8268
8198
8254
8254
8162
8350
8112
8188
8434
8098
7994
8460
8106
7988
8090
8884
8364
8244
8230
8334
8208
8168
8174
8170
8270
8108
8100
9252
8382
8164
8478
8164
8026
8074
8418
8332
8104
8186
8294
8372
8114
8054
8204
8102
8188
8178
8196
8306
8320
8482
8394
8278
8224
8278
8324
8442
8252
8436
8620
8468
8254
8494
8224
8414
8554
8250
8292
8334
8256
3991260
8310
8326
8236
8708
8296
8380
8282
8500
8254
8526
8294
8458
8562
8408
8668
8292
8218
8328
8086
8080
8496
8342
8118
8086
8072
8358
9002
8272
8000
8692
7984
8052
8064
8052
8006
8196
8120
9042
8602
8254
8218
8206
8168
8244
8208
8198
8194
8754
10078
10138
8226
8274
8342
8330
8176
8340
8476
8258
8440
8376
8386
8398
8514
8396
8450
8310
8316
8368
8506
8372
8366
8268
8224
8414
8470
8330
8332
8700
8502
8324
8362
8472
8186
8552
8292
8216
8030
8048
8322
8206
8564
8046
8336
8440
9626
8156
8292
8304
8090
8228
8332
8252
8316
8194
8208
8452
8290
8402
8330
8278
8088
8404
8314
8216
8282
8236
8150
8324
8294
8312
8352
8000
8098
8034
8150
8204
8222
8136
8126
7936
8346
8026
8202
8012
8208
8074
8206
8056
8132
7998
8234
8040
8412
8052
7932
8202
8132
8282
8078
8108
8032
7950
8074
8302
8010
8300
8030
8202
8106
7942
8096
8032
8018
8480
8184
8344
8134
8024
8046
8046
8208
8112
8150
7972
8000
7990
8070
8072
8106
7952
8066
8000
8266
8096
7998
8084
7954
8020
8202
8044
7954
8500
8146
8168
8362
8764
8134
7950
8118
7994
7976
7908
8820
8686
8332
8368
3991686
8282
8260
8238
8324
8360
8414
8350
8514
8486
8350
8510
8292
8600
8176
8254
8306
8360
8216
8064
8150
8342
8328
8098
8052
8006
8132
8170
8150
8266
8112
8144
8076
8086
8084
8048
8158
8100
8906
8648
8656
8576
8778
8622
8536
8760
8428
8356
8382
9414
9726
8906
9154
9120
8768
8530
8768
8954
9088
8876
9158
9132
9044
9002
9040
9526
9588
9134
9152
9076
8986
8938
9022
8724
8990
9948
9080
8962
8744
9172
8734
8796
8912
9026
9000
9028
9130
8978
9052
8792
9068
9076
8934
8852
8842
9478
9224
9284
9020
9058
9030
8870
9130
9052
8848
8796
8972
9106
9630
8868
8726
8726
8770
8762
8898
8754
8742
8908
8832
8852
9016
8934
8668
8878
8902
9010
9094
8874
8822
9148
9044
8746
9038
8732
8894
8718
8988
9014
9140
8960
9050
8786
9088
8896
8840
9026
8996
8938
8914
9074
8740
9060
9102
8984
8890
8694
9278
9182
9026
9134
9046
9552
8950
9028
8854
8852
8838
9098
9030
9022
8794
9134
9136
8966
8702
8986
8860
9288
8850
8822
9178
9242
9238
9360
9098
9286
9210
9104
9458
9638
9668
9122
8934
3990636
9100
9334
9240
9324
9408
8936
9048
9508
8910
9120
8926
8962
8866
9166
9210
9190
9374
9312
9524
8958
9070
9252
9556
9714
9642
9794
9646
9040
9020
8976
8928
8820
8414
8790
9142
8844
9002
9096
8700
8348
8196
8124
8524
8410
9478
10374
8478
8202
8226
8520
8324
8674
8362
8468
8542
8686
9008
9336
9708
9896
9870
9848
9814
9650
8998
9044
8862
8796
8732
8692
8786
8762
9202
8678
9046
8740
8896
8818
8722
8968
8960
9186
8554
8842
9434
8726
8566
8448
8284
8632
8668
8508
8546
9032
8720
8266
8524
8476
9400
8624
8640
8528
9060
8218
8294
8300
9170
8790
9248
8806
8434
8546
9010
8622
8584
9324
8352
9040
8578
8384
8428
8370
8538
8374
8544
8472
8704
8516
8614
8536
8444
8534
8452
8494
9734
8522
8442
8616
8524
8720
8486
8682
8438
8422
8502
8498
8344
8510
8682
8474
8442
8400
8958
9622
8460
8916
8494
8514
8452
8436
8568
8596
8598
8438
8508
8918
8684
8370
8490
8514
9044
8494
8460
8440
8648
8866
8822
8816
8384
8508
8472
9338
8348
8704
8460
8444
8534
8606
8490
8360
8614
3991140
8472
8536
8474
8476
8616
8494
8704
8384
8330
8766
8410
8268
9162
8392
8762
9032
8496
8520
8562
8478
8340
8508
8396
9026
8522
8610
9114
8466
8346
8672
8648
8576
8762
8490
8924
9526
8912
8496
8332
8252
8670
8476
8568
8350
8544
8388
8406
10070
9072
8476
8360
8458
8460
8382
8388
8456
8526
8552
8362
8642
8806
8644
8392
8574
8796
8392
8368
8856
8446
8456
8428
8484
8386
8440
8604
8476
8534
8472
8416
8492
8692
8478
8534
8638
8560
