43288
26224
26896
24576
25928
24392
27728
27752
32144
28128
26168
25632
23816
26664
27464
27664
28616
28848
24432
26752
27248
28016
28152
26224
26168
26432
25792
26800
26168
28224
25648
27840
26752
25688
25736
27952
26168
27776
27616
26680
27112
27896
26848
24872
26208
25320
28360
24640
26576
27448
27664
28072
27472
24664
26736
28776
24672
26464
26528
27384
25824
27560
25384
27816
27000
26616
27336
23152
28088
26056
27680
27464
28128
26920
26880
25072
26000
27976
27304
26560
28464
26648
25656
26232
28208
28304
26440
28272
26288
28312
27760
27792
28088
25320
27824
24616
27584
28184
27440
28400
25216
26144
27784
26296
26576
28024
27576
26736
28704
27768
23600
25936
25448
27376
27832
25888
26080
26616
26896
27120
27776
27912
30248
34176
28112
25880
28424
28512
27248
27368
25888
26208
24896
28376
24880
27752
27288
27288
27400
28112
27344
27736
26344
25856
28432
26936
27120
27448
24904
26920
26048
28608
23896
26120
28032
27800
28200
24536
25360
25584
27736
26968
25512
28440
28280
27712
26312
27504
26096
27600
27984
27544
24736
27824
25256
15971368
26424
28080
27440
26336
25984
28144
27176
27112
26472
25624
26544
28216
27096
24240
27312
25792
27912
28560
25968
26384
26664
25120
28112
27304
27648
28048
23968
25312
24448
27976
28776
25912
27376
28320
27200
26600
25696
26568
28040
27704
26200
27240
26872
27264
27552
28832
27880
23856
25184
25200
24120
25152
23872
25856
26448
24856
24664
26080
26600
26840
34624
25544
27976
27912
27880
30096
27528
31816
28520
29480
28584
30328
28720
30536
30032
30856
29576
28880
29920
29104
30144
31752
29296
30264
27536
29488
30264
31384
28768
27264
29752
30480
26968
30480
28136
31096
28040
27440
28080
30128
30408
29560
27848
27752
27696
28120
27472
27592
28064
27520
29080
29440
32400
28424
27928
28944
28128
30056
29888
31048
28184
29280
27240
28040
27936
27360
27112
27136
28192
27832
29096
27696
27096
30640
29952
29320
32488
30768
27672
28952
28200
29840
27424
27736
29200
29768
28144
30424
29104
26552
26704
27048
29416
31352
30080
29320
30304
32216
29752
31032
28600
29416
28672
31160
30416
34592
28240
29192
29048
29392
29784
29408
28104
27968
30072
29456
27136
29640
27736
29864
27584
30312
27344
29984
30328
29864
27400
26992
29008
29480
29176
29808
31872
29904
29360
28504
28184
27448
27208
29416
31608
26904
28024
31040
29288
28488
29472
29648
27104
29376
30080
30872
29232
30736
31224
31344
31016
31944
30120
28120
32464
30984
30368
27752
27712
28224
32032
28360
29072
30168
29408
29720
29856
30272
26824
30176
29720
27336
30104
28248
28616
31152
29344
28944
28936
28656
31008
30672
29816
29960
28368
30864
31072
28904
30792
29840
32248
28656
29936
27304
28632
27816
27144
24896
27088
29744
30368
29640
30032
29888
28304
25592
27984
27192
27136
25800
28608
26448
29520
26576
24808
24928
26680
27008
26840
32696
26320
26528
26296
27936
24296
27040
26864
24888
24472
26392
24176
23776
26744
26552
26880
24480
24712
26304
26280
26792
26896
27128
26216
24008
24584
26688
26728
24624
24264
24104
26192
24760
27024
27368
24520
26280
26552
25024
26032
24896
24448
26696
27120
26216
26296
24568
26944
26856
26696
27072
26824
27040
29168
27288
26376
26664
27312
26856
26960
23976
24880
25104
32816
27032
27824
28016
27296
28448
26320
29256
29760
27448
27856
28072
27488
30856
26256
28640
27176
26368
26528
31752
27504
27600
28680
26672
29248
30232
27416
28736
27960
29240
29824
27320
28608
28312
25520
28224
34792
30088
29336
28368
27568
27376
27984
29688
29248
29312
28120
30464
27280
31080
31568
32752
28120
27072
27256
26544
29096
28400
27328
28752
25944
27352
28160
27416
29904
28768
27784
28200
25200
25840
23824
25520
28632
27176
28952
25864
26528
27376
26656
29648
35776
28176
29712
28056
27440
28808
25440
26680
26920
26480
29744
27224
29672
29024
35296
29336
28200
27032
28400
27880
27016
29136
28232
28632
27616
32920
38464
26648
30464
27600
29872
27632
25688
29008
29072
29976
30064
28152
25056
28960
30016
26848
29488
26040
30784
27664
29096
27200
28368
30352
38504
29424
31256
30520
29800
40184
91936
33360
40016
24536
30840
29176
37056
35256
28752
29944
28568
29984
29400
28224
30136
30648
38888
31344
34384
35168
32560
37400
33824
28984
34760
32024
35744
35048
45752
33944
33208
34664
30480
32256
32792
32064
33936
33120
33080
32104
31016
32248
31808
32032
29312
30952
34576
33104
29912
32792
29312
33376
32288
30792
34040
31056
33416
31792
31560
33024
32528
33720
30712
33160
30000
32568
30856
34584
27176
26728
30736
26168
26400
27856
36552
33800
28600
28696
29720
33008
29976
29944
33160
30032
30040
32624
32016
27256
30880
27296
27888
27760
29088
28576
28112
28080
29136
27968
29000
28208
27024
25152
26352
24232
28464
27664
24264
30616
26248
28176
27720
23816
28184
25544
28008
26824
28352
27832
24032
27144
27616
28456
27464
27808
27256
26312
26016
25080
27064
26608
27552
26376
24256
26352
26568
25600
24944
25800
27232
27072
25736
26976
27952
25256
26472
26280
27944
27952
27112
24696
26792
27728
26240
26760
26832
27480
27592
27376
28584
27184
27320
28064
28560
28520
29424
26768
25080
27960
26688
27312
25936
26416
25808
25992
25912
27776
28696
27544
23768
23512
28616
25928
26112
26944
25536
28312
28296
28120
27096
28328
27592
28368
29072
29216
26720
28792
26984
26008
25168
27976
25408
29168
28040
25568
26448
27544
24360
27160
27880
26424
27904
26304
26424
27904
28216
28288
26240
27440
27408
26328
26608
26488
27864
26848
24832
27080
26928
26784
26504
27288
25320
27048
25960
27976
27464
25816
26328
25856
26624
27872
27608
27208
28280
27352
27816
26744
27192
27664
28584
26072
26008
24872
27400
25480
26296
25416
26792
26336
26504
25176
25120
25576
28328
25232
27080
24944
26632
27936
27856
27752
27320
28840
27992
26584
27808
27216
27608
27520
26800
28184
27304
27776
28088
28048
25808
26048
27344
26400
26624
28112
30944
28608
25712
25240
28032
24656
27520
28336
27824
24816
27072
25976
27752
27128
26024
28160
28808
27800
26424
24912
28808
28576
26328
24848
28640
24248
26368
24256
28208
25832
26640
27504
27848
25744
25984
27632
26624
25944
26904
28288
24424
26240
26080
15973720
26224
27000
26632
26248
27352
27864
