7886
7526
8514
8918
8636
8410
7446
5754
4262
3608
3286
3274
2918
2684
2376
2246
2124
2120
1992
1936
2130
1994
2076
2104
2018
2054
2026
2174
2016
2142
2040
2040
2148
2032
2110
2114
1944
2002
2106
2150
2264
2048
2126
2046
2074
1968
2108
2098
2224
1910
2070
2170
2136
2130
2070
2134
1998
2010
2060
1970
2278
2118
2090
2134
2100
1998
2064
2002
2040
2002
2074
2054
2246
2008
2128
2380
2394
2034
2026
2094
2204
1946
2098
2082
1984
2284
2064
2116
2170
2164
2104
2142
2012
2132
2058
1864
2074
1976
1944
2098
2094
2118
2090
2046
2042
2148
2110
2000
1836
2086
2274
2238
2084
2240
2072
2100
2278
2038
2060
2058
2026
2158
2116
2074
2160
2044
2232
2066
1994
1978
1888
2130
1856
1980
1908
1906
1902
1782
2058
1842
1816
1846
1814
1906
1868
1894
1812
1922
1814
1878
1892
2096
1958
1914
2022
1740
1888
1986
1698
1900
1758
1898
1790
1806
1896
1856
1956
1806
1730
2130
1674
1912
1806
1726
1756
1916
3997922
1742
1808
1692
1642
1990
1740
1890
1806
1746
2032
1854
1772
1886
1722
1956
1928
1890
1730
1888
1920
1926
1958
1932
1812
1720
1746
1832
1818
1724
1778
1742
2032
1692
1726
1990
1970
1970
1892
1804
1724
1908
1902
1880
1940
1698
1788
1824
1722
1736
1778
1820
1904
1838
1734
1892
1866
1782
1854
1930
1916
1808
1996
1720
2010
1908
1808
1808
1736
1904
1892
1868
1808
1908
1960
1914
1838
1784
1836
2004
2262
2162
1822
1766
1904
1834
1910
1830
1930
1834
1814
1762
1862
1894
1804
1708
1694
1666
1954
1888
1912
1806
1686
2004
1806
1688
1722
1952
1980
1808
1706
1764
1886
2032
1812
2040
2154
1724
1728
1840
1938
1744
1758
1840
1872
1938
1744
2612
1840
2010
1702
1904
2018
1908
1874
1810
1868
1840
1880
1710
1974
1742
1816
1846
2146
1874
1816
1962
1806
1802
1884
1770
1862
1822
1892
1952
1838
1852
1854
1776
1738
1870
1772
1754
1872
1806
1804
1722
1754
1896
1896
1968
2216
1936
1914
1806
1832
1746
2018
1986
1814
1852
1954
1838
1808
1868
1802
1874
1906
1806
2078
1934
1768
1738
1850
1862
1806
1808
1882
1842
1916
1896
1808
1950
1810
2004
1888
1884
1808
1806
1822
1886
1780
1810
1806
1848
1944
2006
1896
1858
1874
1808
2050
1848
1882
1808
1806
1854
1916
1806
1872
1908
1870
1808
1884
1806
1934
1892
1808
1924
1754
1806
1812
1806
2018
1966
1938
1846
1804
1936
1788
1838
1722
1808
1906
1872
1808
1768
1926
1790
1806
1988
1632
1808
1724
1738
1946
1838
1698
1742
1840
1896
1748
1848
1820
1812
1854
1728
1740
1898
1824
1954
2022
1834
1806
1928
1908
1672
1862
1806
1838
1808
1802
1806
1926
1792
1772
1734
1806
1814
2004
1976
1908
1884
1782
1990
1810
1958
1894
2028
1720
1874
1762
1826
1868
1874
1650
1862
1870
2088
1964
1810
1644
1992
1882
2018
1814
1806
1882
1694
1886
1810
1842
1816
1940
1908
1808
1696
1916
1742
1850
1786
1668
1890
1854
1912
1786
1768
2202
1926
1806
1900
1820
1902
1934
1738
1828
2032
1750
1806
1808
1772
1920
1774
1990
2006
1734
1858
1806
1802
1874
1740
1784
1926
2026
1976
1854
1856
1906
2024
1808
1812
2296
1842
1690
2014
1908
1768
1892
1814
2176
1930
2120
1668
1962
1802
2092
1802
1920
1926
1766
1806
1894
1980
1830
1870
1896
1818
1922
1928
2386
1704
1892
1892
1690
2064
1894
1852
1788
1916
1848
1738
1908
1804
1778
1972
1724
1958
1968
1962
1806
1806
2004
1978
1964
1838
1698
1708
1960
2040
1818
1926
1806
1908
1926
1710
1878
1806
1772
1720
1828
1820
1820
1768
1830
1882
1806
1874
1806
1686
1904
1808
1808
1806
1936
1838
1722
1924
1808
1674
1916
1820
1806
1750
1764
2100
1808
1832
1814
1808
1748
1704
1832
1760
1776
1832
1806
1928
1806
1806
1848
1834
1756
1812
1862
1894
1894
1976
1870
1754
1770
1698
1802
1926
1798
1890
1814
1814
1812
1806
1806
1726
1902
1846
1812
1900
1910
1942
1908
2018
1826
1786
1972
1842
1912
1806
2086
1894
1806
1906
1736
1722
1822
1874
1898
1842
1810
1874
1688
1972
1922
1732
1822
1810
1944
1740
1992
1850
1808
1684
1866
1828
1770
1846
1832
1906
1984
1822
2152
1740
1730
1700
1748
1804
1926
1820
1820
2036
1762
1852
1858
1906
1940
1798
1808
1838
1668
1746
1798
1804
1874
1712
1908
1928
1834
1864
1892
1784
1962
1818
2004
1806
1844
1902
1808
1808
1668
1904
1774
1956
1776
1944
1740
1904
1894
1850
1894
1806
1804
1926
3998154
1910
1740
1808
1940
1856
1740
1766
1778
1992
1766
1882
1840
1726
1896
1852
1912
1758
1798
2062
1926
2010
1840
1740
1690
1764
1740
1918
1750
1812
1806
1814
1920
1810
1766
1738
1804
1876
1842
1926
1822
1762
2080
1890
1862
2006
1806
1742
1740
1788
1806
1756
1746
1950
2004
1686
1756
1844
1910
1866
1922
1924
1872
1892
2062
1780
1922
1896
1844
1832
1798
2100
1758
1772
1806
1892
1834
1766
1826
1842
1814
2062
1776
1806
1822
1894
1852
1808
1812
1928
1934
1894
1808
1904
1804
1810
1872
1808
2072
1740
1876
1882
1944
2038
1896
1928
1808
2138
1698
1984
2038
1876
1904
1808
1946
1896
1810
2044
1830
1910
1808
1808
1980
1892
1862
1792
1806
1952
1810
1790
1836
1928
1894
1980
1900
1732
1962
1828
1814
1846
1720
1932
1838
1804
1970
1716
1806
1870
2044
2246
2020
2044
1912
2030
1942
2002
1782
1846
1792
1842
1806
1894
1800
1776
1672
1926
1808
1968
1830
1840
1876
1912
2060
2090
1892
2008
1716
1916
1734
1808
1988
1940
1812
1686
1808
1920
1812
1806
1876
1700
2146
1964
1808
1740
1900
1790
1778
1708
1776
1812
1886
1766
1886
1842
1848
1942
1678
2082
1906
1746
1702
1776
1760
1856
