12372
11704
11628
10860
15564
12012
11072
11600
11684
11728
13148
11864
11268
11960
12292
10664
11580
10088
10196
12044
11600
12144
10424
11600
11144
11692
11204
11676
11800
13620
10364
11844
10992
11456
10000
12076
11452
12592
13600
13208
13060
13792
14152
11996
13356
12024
12612
12336
11312
12516
12152
11920
10668
12288
11928
12208
12264
12308
12532
12344
11136
11104
10980
12248
12040
12708
12472
12548
12316
12640
12724
12704
12364
12736
12232
12456
12948
12348
12616
12220
12012
12264
12156
12288
9700
11868
12000
12240
11812
11956
11520
11216
10340
11960
12692
11672
11956
11780
12292
12176
10264
11884
12176
11588
11860
11872
12204
11784
11280
11848
11868
12092
12600
12256
11768
11856
11896
11684
11988
12068
12468
13064
12044
12168
12396
11804
11732
11488
12128
11736
12880
12524
12896
10636
10304
10956
12168
12032
10792
11536
11648
12244
12944
12768
11220
11740
10340
11644
12324
10544
11856
11976
10440
11716
10264
12184
10612
11420
12464
11672
11488
11520
12016
11888
12332
11232
12412
11376
12040
10364
12120
10932
10752
12068
12308
10320
12724
10476
12572
12120
12300
11872
10680
11200
10864
10460
10632
11104
10964
12000
11744
11804
12396
11948
10152
11920
12084
10872
12288
11868
12112
11836
12048
11896
11792
10584
11808
11204
11652
12184
12160
12224
13124
12208
12584
12952
11708
10920
13364
11564
12240
11244
11728
12232
7989568
12896
12400
12740
12724
11908
12468
12804
11756
12676
12984
12500
13328
11132
11088
12104
10832
12652
12100
12260
11980
12224
12324
12508
10828
12528
12504
12568
13312
13404
12016
11852
12624
12528
12328
10672
11144
12484
11572
12516
13040
11048
12732
12736
13116
13876
13032
12752
13088
12360
11784
12752
13228
11160
12428
12608
11332
12920
12364
13072
12636
12588
12760
12528
13432
11824
12764
11732
10200
9844
12172
11600
10412
11948
11772
10948
12044
11876
11040
11752
11916
11276
12092
12032
11424
11844
10676
11272
10564
10460
12008
12260
12388
12376
11228
10960
10056
12100
13084
13908
13344
13412
13724
11756
13884
13656
13048
12972
12672
13044
13248
13140
12700
13240
12420
12888
13048
12876
12588
13148
13336
12640
12744
13232
12716
12480
12780
13204
12536
13256
12636
12792
12200
13048
12972
12672
12980
13004
13100
13472
12732
13024
13204
12752
13156
14160
13584
12380
13068
13012
13292
12536
13112
12584
13184
13092
13188
12388
13220
12828
12956
12624
12688
12912
13004
12440
12856
12896
13012
13152
13340
12784
13096
13076
13012
13040
13104
12240
13340
13228
13120
13172
13544
13188
12888
12904
13000
13116
12516
12620
13588
12696
13104
12160
13256
12604
13116
12092
12828
12892
13472
12740
12572
12640
13692
12872
13144
13444
12728
12932
12632
13036
12936
13424
11168
13436
11320
12896
13188
13104
13032
13416
13656
12784
12820
12828
13252
13060
13068
13224
12868
13760
12416
13036
12904
12816
12868
13012
13328
12724
13176
12592
13180
13036
12708
13140
13708
12540
13220
13280
12564
12972
13384
13556
12992
12876
13148
13408
12708
13380
12528
13092
12780
13300
13216
13376
12836
12948
13032
13244
12708
13040
12536
14092
12916
12756
12760
13296
13048
12952
13032
13712
12944
12452
13300
13064
12688
13316
13260
12516
13584
12756
13440
14876
13336
13820
12880
13572
12848
12960
13448
12828
12848
13524
13140
13204
13564
13236
13252
13348
12824
13332
13476
12752
12584
12168
13060
12820
13092
13056
12660
13328
13252
12804
12884
13832
13036
12940
13144
13352
13016
13172
12724
13204
13084
13968
13720
12440
13184
12840
12432
13516
12708
13148
12784
12592
13256
14004
13112
13208
12336
12988
13148
13072
12624
13224
13308
12788
12724
12744
13472
13132
12932
11536
11620
11240
11516
11168
11184
11268
11348
10924
11380
11536
12308
11520
11360
12392
13144
11308
11080
12152
12268
12120
10828
11668
11116
11516
11712
11396
11196
11888
11916
11068
12092
11160
10792
11308
12024
11140
12220
11192
11048
11036
11604
11684
11076
11416
11440
12060
10904
11648
11476
11412
11348
11580
11248
11040
12164
12080
11240
11180
11452
11832
12088
11788
11396
12068
11332
11304
11800
11952
11924
10460
11660
11136
11928
10812
11124
11240
12304
11572
11412
11120
11436
11696
11540
11404
11612
11480
11340
11308
11584
12028
11092
11556
11164
11648
11576
11488
11660
11340
11252
11020
11152
11264
11472
11720
11620
11684
12132
11904
11584
11216
11704
11836
9840
11344
11452
11512
11280
11612
11500
10988
12032
11676
11276
11632
11404
11476
11640
11268
11984
11420
11932
11300
11344
11192
10776
11220
11588
11760
11644
11488
11368
10988
10968
11464
11596
7988200
11656
11496
11864
11972
11960
11364
12320
11700
10712
11104
11420
12140
11316
11600
11496
11424
12220
11032
12328
10800
11116
10816
10508
11172
11744
11144
11300
11500
11496
11608
11336
11012
11660
12404
11184
11596
11576
11476
11732
11412
12280
11352
11136
11232
11996
11680
11576
11524
11812
13268
12076
12524
12140
10900
12880
10832
10616
11404
12128
11876
10916
13020
12972
13528
13316
13324
12936
13288
13328
14224
14016
11928
12176
13868
12664
13344
13788
12460
13856
13260
12508
13184
14344
11644
13516
12332
11932
11220
12000
11684
12276
11812
12008
12048
12132
11744
11916
11624
11544
11576
11768
10880
10660
11508
10744
11792
10640
12460
9964
11712
11996
12200
11444
11716
11820
11788
12024
11896
11724
11576
11860
10340
11992
10896
12228
12084
11848
11628
13116
11560
11608
12088
12052
12020
12248
11292
11724
10424
12280
11460
12132
10244
12488
12116
10652
10896
12276
12572
12164
11604
11980
12084
12008
12940
11788
12060
11956
11920
12072
12172
11864
12076
12480
12096
11728
11788
12096
11780
12292
11952
12868
11624
12592
11812
12280
11916
12788
12504
12692
12092
10832
12064
13020
11488
10504
11896
12112
12592
12104
10848
12244
12108
11120
12132
12424
12300
12136
11988
12080
12292
12184
11744
12452
12420
12048
11892
12844
12396
12120
11652
11860
12420
10680
12068
11632
12232
12088
12528
11776
12576
11912
12844
10800
12520
10620
12136
11884
12076
11900
11904
12252
11588
10260
11988
11940
11972
12236
10892
11040
12252
12036
11448
11964
11844
11832
12236
11700
12224
12588
12480
12804
12628
12652
12400
12648
12560
12592
12124
13036
11016
12628
7987484
12460
12372
12464
12396
