52192
42920
44528
41232
41584
43144
43968
50512
43872
45256
42328
41992
45104
41952
43736
43808
44248
43464
43656
42040
42248
43992
15956136
41624
44552
43024
42128
50008
50744
44752
44016
43416
43000
42304
44656
43424
44088
42640
42656
43808
45544
42624
44208
45928
44224
41392
47032
43280
42576
42864
44576
42768
45688
43264
42712
42240
46624
43808
43728
41904
41008
45256
42400
45080
42568
44744
42088
44664
46016
43416
44856
44304
44120
48248
43552
44296
43096
46712
44056
43048
45800
44480
53640
46440
43408
44776
46104
46152
45648
43344
47192
45280
45288
43816
44848
44112
45128
44616
45016
41744
44552
46064
47408
45896
43432
45296
44128
44544
43776
45528
43192
44936
45504
44152
44840
47600
46232
46408
45288
47992
42392
43624
45456
43704
44296
45256
45064
47256
45784
45792
45248
44384
44000
44272
44616
43576
43520
41864
43160
42672
42384
44608
45904
45408
46248
47920
46864
44776
48112
45496
46152
46888
47168
45400
47400
45024
52944
44904
45912
43568
45616
49296
45256
44144
47504
47640
47896
44960
43904
44664
15954048
46048
45328
46320
44624
44688
47552
44568
44216
43720
47816
43576
45768
47016
47496
47984
46328
42312
46096
43312
43272
46360
48608
42464
43776
44992
43192
47312
62320
49552
49616
43856
47968
49936
48928
46560
48496
48528
48512
49784
46528
46240
49784
47880
49448
53224
48776
47920
47160
45944
47576
47472
47584
47440
49768
45144
48064
47392
48192
47208
46856
46704
48560
47320
47528
50672
45528
47680
47664
48120
45136
48896
48088
48192
48792
48112
46856
45360
46728
48200
48432
49848
46064
48552
46144
46208
45544
46432
50040
47512
48840
47880
46200
48152
49416
50512
47728
47200
47312
48192
47744
50112
47792
48544
47160
47816
46896
48248
47216
52120
49272
49016
52408
49528
46760
47608
45592
48048
52824
51928
48744
48216
47616
45088
47784
46808
47552
48544
47808
48472
49320
48160
50328
48016
46808
15949824
44360
44944
47440
48712
46112
46568
48360
47576
48400
46192
47136
49200
47344
50440
46856
51376
48104
50240
47192
47504
45792
47784
49344
48040
48440
46648
49968
47424
50208
49256
48384
52384
47256
48272
47208
48720
49080
49704
47344
51336
48608
49408
47368
48552
47560
50648
51256
46840
45136
48592
50888
47080
46864
49632
47608
52256
48048
49104
47984
48384
48104
48552
50728
47360
49328
48760
47136
47944
48392
48576
48648
47408
48392
48848
48840
48128
49960
44664
48768
49232
47928
48160
47344
49144
48224
50648
52128
50088
48808
50776
45928
43352
47728
66072
51120
52080
47288
49584
49272
50976
54760
48872
46752
56400
46104
48936
52728
55056
46376
51728
53112
49384
49560
50488
45488
51632
53024
52448
45816
47816
45616
48432
53440
57384
50016
47256
50304
53968
51312
48952
15949552
49488
51080
48120
49384
50896
48600
53728
51736
47576
49120
50008
54464
46376
49960
47304
47848
46392
46888
51656
49904
51208
52616
50400
47248
48624
48312
52648
55312
55104
52384
51656
50224
49528
51744
51872
49624
47104
45952
50384
52768
51000
50816
50056
48576
51632
45600
48240
53184
49096
47968
49232
51712
50016
49456
52392
52296
52864
50472
50432
51208
48320
47008
44280
49512
47456
61216
57944
50880
53432
52152
52768
50856
47840
51624
50632
53120
47184
48880
49688
48008
50456
55688
52104
50472
58456
50760
48664
52720
48832
49600
50904
52824
55552
53600
53424
54736
53744
53224
46824
52184
51936
45616
46168
44912
43272
45248
42752
48032
52296
51280
51656
56904
65568
55912
56480
50088
51304
51056
62536
49952
51104
52672
52336
61584
55056
58832
59936
15941128
50864
51568
52168
51472
50736
48288
50928
53888
50720
54432
52360
51744
50504
48248
48320
49904
45120
47608
48968
46432
47768
48984
47424
47248
49824
46328
46616
49648
48520
46168
47480
47144
47504
46912
47552
44864
46768
48152
45960
48224
44776
48032
46296
48816
47640
47592
52536
46384
50752
66992
48104
54416
57144
56136
54320
51400
49128
51648
46432
46240
48544
46152
47808
44928
48576
46768
47248
46760
43736
49600
49768
46360
49384
48440
46624
47864
46120
47936
49192
48792
45640
45544
51656
54408
55576
50288
47912
48416
52120
51888
52512
51216
54456
54568
58440
55240
51096
49384
51016
51776
52536
50176
53440
52392
52064
47696
55888
51344
48080
52120
47384
51984
52552
48480
50936
51776
45688
51096
48232
49776
47400
49272
48784
52608
46144
47152
46008
47984
48168
47480
47248
15954248
47440
43944
43808
47248
43368
45592
48592
48320
46752
46024
48664
50304
51832
47800
46848
47552
47336
46072
46952
45640
46520
46040
47192
45040
44040
44864
44240
47280
42336
43696
45992
47544
47280
47656
47904
46752
51568
47560
46680
42864
47872
46368
47616
47376
45256
46816
47656
44016
51688
46928
45400
45920
45312
47048
45280
44872
45144
45448
46296
49448
46264
44880
44592
46912
46448
47336
46384
45704
47520
45528
43784
45856
45264
46160
45576
46040
45840
47168
45848
48968
48096
46784
45712
42528
48544
44616
47536
44864
47720
47544
42944
46016
44176
44920
47688
43872
45224
43144
42096
43656
48304
48616
45496
48376
44552
44328
46824
45176
46600
45120
42776
46560
47872
43432
48304
46184
46936
45032
49432
47224
48240
44040
48104
48408
46248
47936
45424
44352
45904
47512
45240
46760
45728
57768
47336
47416
47336
47496
45256
46224
47752
15954264
45192
44960
45496
47800
45288
46272
46800
46280
46712
42688
46736
45920
46696
48920
46984
46424
47664
47368
47736
47816
46936
48592
46656
46928
46496
50480
47880
48896
57632
49192
47720
48136
48344
47272
48640
47664
46976
49136
48384
47184
49416
46080
49624
52176
48632
47512
46696
47216
49304
47424
49352
48248
48448
46984
50752
53152
48720
46424
46320
50816
48680
46064
53240
50936
46440
45384
47776
46104
52032
48824
48952
48288
46688
46736
45600
47800
50816
47928
51088
48000
47896
48408
48280
49832
49504
46352
49680
47088
48480
47640
49696
46448
45808
49424
49160
49232
47736
47488
49000
49536
45344
45240
50648
45488
45384
44488
48928
49304
48072
46008
48176
46392
45128
47432
47480
47880
47872
51528
50352
47088
47144
46752
46120
47960
49272
43328
46832
44088
49032
49432
47104
46248
52576
48376
45320
48504
15950744
49720
49256
47576
48240
49384
48880
46208
47000
50536
46408
47344
46152
48152
49424
47800
45784
45800
47032
49512
50608
48096
48912
50168
47592
