7104
7184
7124
6716
6880
7164
6564
6912
6840
7892
7508
6888
7576
7496
6952
7192
8188
6688
6772
6876
7260
6884
7112
7036
6936
6792
7624
7332
7720
6608
7508
7076
7184
6820
7164
7164
6944
7552
7176
7312
8144
6968
7100
6744
7060
7016
7356
7288
6512
8076
7412
7084
6932
6616
6920
6784
6684
7488
7896
6604
7232
6784
6624
7048
6976
6524
6996
7044
7204
6812
7336
7240
6392
6792
7344
7756
8004
7476
7676
7080
7396
6752
6868
6960
7072
7288
6644
6808
6708
7364
7348
6624
7244
7268
6784
7316
7056
7260
6764
7452
7448
6888
6848
7084
7000
6988
7264
6440
7000
7368
6704
6948
7580
7020
7960
7260
6916
8280
6836
7224
7572
7132
7528
8232
7412
7344
8176
8156
7816
7700
7224
7612
6860
7180
7040
6356
6940
6816
7060
6920
7632
7788
6756
7060
7240
7128
7372
7028
7164
7468
7104
7016
7372
7996
7032
7248
7092
6812
7640
7192
7440
7280
7536
7684
7376
7440
6660
7920
7868
7096
6896
7172
7204
7500
6848
7168
7348
6696
7520
7096
6684
7224
7380
7044
7584
6980
6780
7264
6728
6668
6792
7284
7612
7212
7060
7056
7496
6800
7552
7516
7172
7268
7952
6752
8892
7132
7436
6656
8540
7048
7116
6756
7228
7004
7460
6720
7576
7292
7076
6920
6716
8396
7600
8624
7672
7384
7168
6780
7020
7196
7108
6900
7428
7128
7156
7004
6648
7392
7184
7232
7280
7048
7212
7180
7096
7400
7184
7168
7656
7296
7496
7328
7080
6944
7428
7160
6948
7248
6944
7136
6912
6960
6684
7152
7408
7124
6972
6620
6988
7200
7524
7508
7428
7084
7680
7160
7240
7296
6752
7208
7004
7168
6956
7192
7464
6948
6836
7216
6860
6812
7364
7404
7304
7056
7892
7568
7776
7556
7624
6984
7304
6992
7156
7588
6804
7008
7516
7436
7240
7180
7260
6696
7216
7264
7272
6848
7152
6932
7056
7292
6708
6804
7228
7600
7120
7164
7312
7140
7408
6932
7356
7352
7072
7012
7548
7720
7132
7152
6852
6848
6880
7012
6904
7320
8124
7000
7288
7072
7160
7184
7152
7212
6784
7068
7344
7232
6864
7408
7320
7020
6928
7416
7156
7024
6748
7688
7428
7476
7300
6968
7284
7568
7396
7232
7344
7744
7152
7284
7012
6760
7112
6968
7332
7460
6904
7808
6648
7620
7992260
7576
6904
6904
7276
7272
7440
7436
8976
7480
6876
7508
7428
7340
7524
7200
7500
7152
6892
7528
7352
7252
7316
7452
6984
6776
6804
7192
7316
6772
7656
7440
7164
7312
7368
7276
7300
7216
6568
7084
7184
7432
6672
6872
6996
6816
6940
7204
7292
6904
7412
6764
7572
7220
6836
7668
7376
7460
7644
7412
7336
7108
7416
6796
7684
7344
7236
7496
7260
7112
7000
7368
7268
7560
7176
7288
7236
7284
7324
6928
6816
6668
6884
7016
7496
6748
6920
7332
7076
7304
7832
7264
6944
7096
7168
6900
6848
7436
6956
7076
6996
7328
6932
7620
6848
7496
6824
6400
7256
7100
6696
7196
7604
7168
7348
7428
6880
7288
7604
7108
6876
7256
7208
7356
7328
7600
6840
7220
6908
6912
7056
7076
7032
6780
7104
7680
7072
7688
7296
7668
7344
7292
7092
6932
7504
6980
7484
7528
7296
6768
7124
7740
7172
7352
6936
7072
6932
7080
6824
6940
7948
6608
6540
6944
6692
7044
6756
6804
6884
7112
6952
6584
7044
7600
6972
6804
6932
6852
7188
6992
6800
6680
7228
6772
7440
6804
7012
6776
6668
6788
6964
6608
6808
7044
6580
6644
6844
7672
6712
7152
6724
6852
6980
6796
6560
7640
7028
7088
7096
6892
7280
6916
6856
7228
6972
6892
7044
6684
6848
7336
7120
7424
6988
6720
7488
6736
6696
6824
6664
6628
6772
7012
6784
6648
7256
6864
6960
7180
7020
6816
6660
6756
7268
6688
7028
6984
7064
7016
7428
6760
7144
7032
6516
7000
6820
7376
7436
6588
6764
7036
6832
6732
6888
6696
6920
6816
7480
6972
6516
7160
6572
7120
7188
6752
7332
6664
6676
7108
7044
7000
7248
6884
6848
6692
6588
7284
6744
6700
6860
6596
6980
6900
6856
7068
6636
7024
6752
6348
7516
7008
7016
6492
6552
7128
6624
7600
7248
6732
7064
6400
6720
6992
6704
7032
7012
6764
7240
6452
7016
6212
6768
6600
6208
6444
6612
6376
7508
6672
7712
6732
6304
7268
6660
6780
6612
8104
6480
6656
6692
7160
6496
6752
6456
6656
7052
6776
6956
7672
7128
6928
6516
7364
6892
6848
6424
7696
6872
6940
7060
6732
8848
6712
7084
6836
6604
6680
7176
6992
6944
6680
6712
6836
6728
7444
6780
6684
7132
6632
7156
7380
6760
6700
6676
6608
7252
6824
6720
6688
6996
7536
6904
6632
6744
6528
7244
6868
7084
7993272
6816
7188
7008
6720
6660
6984
6580
6696
6688
7180
6640
6668
6936
6636
7336
6520
6508
7084
6676
6800
6692
6672
7080
6488
6764
6952
7016
7268
6576
6620
7204
6852
6976
6988
6816
6768
6744
6904
6660
6776
7356
6380
6356
6936
6812
6868
6368
6784
7432
6548
6652
6472
6888
7268
6868
6540
6592
6848
7096
6548
6812
6832
6984
6616
6780
7556
7364
6580
6864
7032
6776
6936
6660
6972
6920
6600
7252
6584
6912
7088
6584
6704
6808
7036
6980
6820
7088
6608
6772
6812
6764
7128
6872
6472
7228
6784
6920
6784
6968
7116
6700
7232
7032
6548
6864
6520
6576
6960
6852
7036
6940
6696
7148
6540
6748
7036
8112
7812
7160
7156
7464
6876
7108
6884
6596
6816
6768
6804
7484
6612
6696
6948
7068
6708
6676
6508
6868
6724
6616
7036
6352
7356
6952
6856
7100
6440
6708
6580
6676
7344
6920
6704
6872
6632
6840
6468
6508
7536
6884
7240
6564
6664
6680
7104
6920
7084
6412
7016
6484
6876
7344
6624
7204
7156
6616
6540
6796
6636
6840
6768
6544
6660
6676
6644
6552
6596
6796
6728
6768
6816
6580
6764
6708
6652
7636
7720
6932
6480
6996
6880
6488
7316
6440
6956
6716
6328
7384
6460
7752
6708
7140
7200
6780
6752
